21:14:30  4.60 5.63 6.55 
21:14:40  4.51 5.58 6.52 
21:14:50  7.98 6.31 6.77 
21:15:00  9.08 6.61 6.87 
21:15:10  9.08 6.69 6.89 
21:15:20  9.70 6.90 6.96 
21:15:30  10.79 7.21 7.08 
21:15:40  10.68 7.31 7.11 
21:15:50  10.88 7.46 7.17 
21:16:01  11.66 7.74 7.27 
21:16:11  11.00 7.73 7.27 
21:16:21  9.78 7.58 7.22 
21:16:31  9.28 7.54 7.21 
21:16:41  9.38 7.62 7.24 
21:16:51  9.25 7.65 7.26 
21:17:01  8.99 7.64 7.26 
21:17:11  8.70 7.62 7.26 
21:17:21  8.84 7.68 7.28 
21:17:31  8.48 7.64 7.27 
21:17:41  8.49 7.67 7.29 
21:17:51  8.26 7.65 7.28 
21:18:01  8.15 7.64 7.29 
21:18:11  8.05 7.64 7.29 
21:18:21  7.96 7.63 7.29 
21:18:31  7.96 7.65 7.30 
21:18:41  8.12 7.69 7.32 
21:18:51  7.66 7.60 7.29 
