21:25:15  8.24 7.64 7.51 
21:25:25  8.00 7.60 7.50 
21:25:35  8.59 7.75 7.55 
21:25:45  10.21 8.13 7.69 
21:25:55  10.33 8.22 7.73 
21:26:05  11.87 8.63 7.88 
21:26:15  11.47 8.65 7.90 
21:26:25  11.53 8.76 7.94 
21:26:35  10.82 8.70 7.93 
21:26:45  10.92 8.79 7.97 
21:26:55  10.15 8.70 7.95 
21:27:05  9.83 8.68 7.95 
21:27:15  9.39 8.62 7.94 
21:27:25  9.35 8.63 7.95 
21:27:36  8.83 8.55 7.93 
21:27:46  8.64 8.51 7.92 
21:27:56  8.60 8.51 7.93 
21:28:06  7.96 8.38 7.89 
21:28:16  7.82 8.33 7.88 
21:28:26  7.61 8.27 7.86 
21:28:36  7.13 8.15 7.82 
